0.0000, 0.0000
0.5460, 0.0000
1.0920, 0.0000
1.6380, 0.0000
2.1840, 0.0000
2.7300, 0.0000
3.2760, 0.0000
3.8220, 0.0000
4.3680, 0.0000
4.9140, 0.0000
5.4600, 0.0000
6.0060, 0.0000
6.5520, 0.0000
7.0980, 0.0000
7.6440, 0.0000
8.1900, 0.0000
8.7360, 0.0000
9.2820, 0.0000
9.8280, 0.0000
10.3740, 0.0000
0.0000, 0.5550
0.5460, 0.5550
1.0920, 0.5550
1.6380, 0.5550
2.1840, 0.5550
2.7300, 0.5550
3.2760, 0.5550
3.8220, 0.5550
4.3680, 0.5550
4.9140, 0.5550
5.4600, 0.5550
6.0060, 0.5550
6.5520, 0.5550
7.0980, 0.5550
7.6440, 0.5550
8.1900, 0.5550
8.7360, 0.5550
9.2820, 0.5550
9.8280, 0.5550
10.3740, 0.5550
0.0000, 1.1100
0.5460, 1.1100
1.0920, 1.1100
1.6380, 1.1100
2.1840, 1.1100
2.7300, 1.1100
3.2760, 1.1100
3.8220, 1.1100
4.3680, 1.1100
4.9140, 1.1100
5.4600, 1.1100
6.0060, 1.1100
6.5520, 1.1100
7.0980, 1.1100
7.6440, 1.1100
8.1900, 1.1100
8.7360, 1.1100
9.2820, 1.1100
9.8280, 1.1100
10.3740, 1.1100
0.0000, 1.6650
0.5460, 1.6650
1.0920, 1.6650
1.6380, 1.6650
2.1840, 1.6650
2.7300, 1.6650
3.2760, 1.6650
3.8220, 1.6650
4.3680, 1.6650
4.9140, 1.6650
5.4600, 1.6650
6.0060, 1.6650
6.5520, 1.6650
7.0980, 1.6650
7.6440, 1.6650
8.1900, 1.6650
8.7360, 1.6650
9.2820, 1.6650
9.8280, 1.6650
10.3740, 1.6650
0.0000, 2.2200
0.5460, 2.2200
1.0920, 2.2200
1.6380, 2.2200
2.1840, 2.2200
2.7300, 2.2200
3.2760, 2.2200
3.8220, 2.2200
4.3680, 2.2200
4.9140, 2.2200
5.4600, 2.2200
6.0060, 2.2200
6.5520, 2.2200
7.0980, 2.2200
7.6440, 2.2200
8.1900, 2.2200
8.7360, 2.2200
9.2820, 2.2200
9.8280, 2.2200
10.3740, 2.2200
0.0000, 2.7750
0.5460, 2.7750
1.0920, 2.7750
1.6380, 2.7750
2.1840, 2.7750
2.7300, 2.7750
3.2760, 2.7750
3.8220, 2.7750
4.3680, 2.7750
4.9140, 2.7750
5.4600, 2.7750
6.0060, 2.7750
6.5520, 2.7750
7.0980, 2.7750
7.6440, 2.7750
8.1900, 2.7750
8.7360, 2.7750
9.2820, 2.7750
9.8280, 2.7750
10.3740, 2.7750
0.0000, 3.3300
0.5460, 3.3300
1.0920, 3.3300
1.6380, 3.3300
2.1840, 3.3300
2.7300, 3.3300
3.2760, 3.3300
3.8220, 3.3300
4.3680, 3.3300
4.9140, 3.3300
5.4600, 3.3300
6.0060, 3.3300
6.5520, 3.3300
7.0980, 3.3300
7.6440, 3.3300
8.1900, 3.3300
8.7360, 3.3300
9.2820, 3.3300
9.8280, 3.3300
10.3740, 3.3300
0.0000, 3.8850
0.5460, 3.8850
1.0920, 3.8850
1.6380, 3.8850
2.1840, 3.8850
2.7300, 3.8850
3.2760, 3.8850
3.8220, 3.8850
4.3680, 3.8850
4.9140, 3.8850
5.4600, 3.8850
6.0060, 3.8850
6.5520, 3.8850
7.0980, 3.8850
7.6440, 3.8850
8.1900, 3.8850
8.7360, 3.8850
9.2820, 3.8850
9.8280, 3.8850
10.3740, 3.8850
0.0000, 4.4400
0.5460, 4.4400
1.0920, 4.4400
1.6380, 4.4400
2.1840, 4.4400
2.7300, 4.4400
3.2760, 4.4400
3.8220, 4.4400
4.3680, 4.4400
4.9140, 4.4400
5.4600, 4.4400
6.0060, 4.4400
6.5520, 4.4400
7.0980, 4.4400
7.6440, 4.4400
8.1900, 4.4400
8.7360, 4.4400
9.2820, 4.4400
9.8280, 4.4400
10.3740, 4.4400
0.0000, 4.9950
0.5460, 4.9950
1.0920, 4.9950
1.6380, 4.9950
2.1840, 4.9950
2.7300, 4.9950
3.2760, 4.9950
3.8220, 4.9950
4.3680, 4.9950
4.9140, 4.9950
5.4600, 4.9950
6.0060, 4.9950
6.5520, 4.9950
7.0980, 4.9950
7.6440, 4.9950
8.1900, 4.9950
8.7360, 4.9950
9.2820, 4.9950
9.8280, 4.9950
10.3740, 4.9950
0.0000, 5.5500
0.5460, 5.5500
1.0920, 5.5500
1.6380, 5.5500
2.1840, 5.5500
2.7300, 5.5500
3.2760, 5.5500
3.8220, 5.5500
4.3680, 5.5500
4.9140, 5.5500
5.4600, 5.5500
6.0060, 5.5500
6.5520, 5.5500
7.0980, 5.5500
7.6440, 5.5500
8.1900, 5.5500
8.7360, 5.5500
9.2820, 5.5500
9.8280, 5.5500
10.3740, 5.5500
0.0000, 6.1050
0.5460, 6.1050
1.0920, 6.1050
1.6380, 6.1050
2.1840, 6.1050
2.7300, 6.1050
3.2760, 6.1050
3.8220, 6.1050
4.3680, 6.1050
4.9140, 6.1050
5.4600, 6.1050
6.0060, 6.1050
6.5520, 6.1050
7.0980, 6.1050
7.6440, 6.1050
8.1900, 6.1050
8.7360, 6.1050
9.2820, 6.1050
9.8280, 6.1050
10.3740, 6.1050
0.0000, 6.6600
0.5460, 6.6600
1.0920, 6.6600
1.6380, 6.6600
2.1840, 6.6600
2.7300, 6.6600
3.2760, 6.6600
3.8220, 6.6600
4.3680, 6.6600
4.9140, 6.6600
5.4600, 6.6600
6.0060, 6.6600
6.5520, 6.6600
7.0980, 6.6600
7.6440, 6.6600
8.1900, 6.6600
8.7360, 6.6600
9.2820, 6.6600
9.8280, 6.6600
10.3740, 6.6600
0.0000, 7.2150
0.5460, 7.2150
1.0920, 7.2150
1.6380, 7.2150
2.1840, 7.2150
2.7300, 7.2150
3.2760, 7.2150
3.8220, 7.2150
4.3680, 7.2150
4.9140, 7.2150
5.4600, 7.2150
6.0060, 7.2150
6.5520, 7.2150
7.0980, 7.2150
7.6440, 7.2150
8.1900, 7.2150
8.7360, 7.2150
9.2820, 7.2150
9.8280, 7.2150
10.3740, 7.2150
0.0000, 7.7700
0.5460, 7.7700
1.0920, 7.7700
1.6380, 7.7700
2.1840, 7.7700
2.7300, 7.7700
3.2760, 7.7700
3.8220, 7.7700
4.3680, 7.7700
4.9140, 7.7700
5.4600, 7.7700
6.0060, 7.7700
6.5520, 7.7700
7.0980, 7.7700
7.6440, 7.7700
8.1900, 7.7700
8.7360, 7.7700
9.2820, 7.7700
9.8280, 7.7700
10.3740, 7.7700
0.0000, 8.3250
0.5460, 8.3250
1.0920, 8.3250
1.6380, 8.3250
2.1840, 8.3250
2.7300, 8.3250
3.2760, 8.3250
3.8220, 8.3250
4.3680, 8.3250
4.9140, 8.3250
5.4600, 8.3250
6.0060, 8.3250
6.5520, 8.3250
7.0980, 8.3250
7.6440, 8.3250
8.1900, 8.3250
8.7360, 8.3250
9.2820, 8.3250
9.8280, 8.3250
10.3740, 8.3250
0.0000, 8.8800
0.5460, 8.8800
1.0920, 8.8800
1.6380, 8.8800
2.1840, 8.8800
2.7300, 8.8800
3.2760, 8.8800
3.8220, 8.8800
4.3680, 8.8800
4.9140, 8.8800
5.4600, 8.8800
6.0060, 8.8800
6.5520, 8.8800
7.0980, 8.8800
7.6440, 8.8800
8.1900, 8.8800
8.7360, 8.8800
9.2820, 8.8800
9.8280, 8.8800
10.3740, 8.8800
0.0000, 9.4350
0.5460, 9.4350
1.0920, 9.4350
1.6380, 9.4350
2.1840, 9.4350
2.7300, 9.4350
3.2760, 9.4350
3.8220, 9.4350
4.3680, 9.4350
4.9140, 9.4350
5.4600, 9.4350
6.0060, 9.4350
6.5520, 9.4350
7.0980, 9.4350
7.6440, 9.4350
8.1900, 9.4350
8.7360, 9.4350
9.2820, 9.4350
9.8280, 9.4350
10.3740, 9.4350
0.0000, 9.9900
0.5460, 9.9900
1.0920, 9.9900
1.6380, 9.9900
2.1840, 9.9900
2.7300, 9.9900
3.2760, 9.9900
3.8220, 9.9900
4.3680, 9.9900
4.9140, 9.9900
5.4600, 9.9900
6.0060, 9.9900
6.5520, 9.9900
7.0980, 9.9900
7.6440, 9.9900
8.1900, 9.9900
8.7360, 9.9900
9.2820, 9.9900
9.8280, 9.9900
10.3740, 9.9900
0.0000, 10.5450
0.5460, 10.5450
1.0920, 10.5450
1.6380, 10.5450
2.1840, 10.5450
2.7300, 10.5450
3.2760, 10.5450
3.8220, 10.5450
4.3680, 10.5450
4.9140, 10.5450
5.4600, 10.5450
6.0060, 10.5450
6.5520, 10.5450
7.0980, 10.5450
7.6440, 10.5450
8.1900, 10.5450
8.7360, 10.5450
9.2820, 10.5450
9.8280, 10.5450
10.3740, 10.5450
